"Spaceship1" {
  CompositionTemplate {
    References {
      "Floor" 0,0,0
      "Window" 0,0,0
      "Hull" 0,0,0
      "Engine" 0.58646,1.3214,4
      "Engine" -0.60235,1.3214,4
      "Engine" 1.09917,0.4321,4
      "Engine" 0,0.4321,4
      "Engine" -1.14421,0.4321,4
    }
  }
}
"Floor" {
  MeshTemplate {
    Vertices {
      -2,0,0
      2,0,0
      2,0,4
      -2,0,4
      1.25,0,-3.5
      -1.25,0,-3.5
      -2,0,0
      2,0,0
      2,0,4
      -2,0,4
      -1.25,0,-3.5
      1.25,0,-3.5
    }
    Lines {
      1,0
      0,3
      3,2
      2,1
      6,7
      7,8
      8,9
      9,6
      5,0
      1,4
      4,5
      6,10
      10,11
      11,7
    }
    Polys {
      1,0,3,2
      6,7,8,9
      5,0,1,4
      7,6,10,11
    }
  }
}
"Engine" {
  MeshTemplate {
    Vertices {
      -0.25,-0.25,0.25
      0.25,-0.25,0.25
      0.25,0.25,0.25
      -0.25,0.25,0.25
      -0.25,-0.25,0
      0.25,-0.25,0
      0.25,0.25,0
      -0.25,0.25,0
    }
    Lines {
      4,5
      5,6
      6,7
      7,4
      1,5
      4,0
      0,1
      2,6
      1,2
      3,7
      2,3
      3,0
    }
    Polys {
      4,5,6,7
      1,5,4,0
      2,6,5,1
      3,7,6,2
      0,4,7,3
    }
  }
}
"Window" {
  MeshTemplate {
    Vertices {
      -1,1.5,-1.25
      1,1.5,-1.25
      1,2,2
      -1,2,2
      -1.25,0,-3.5
      1.25,0,-3.5
      2,0,0
      -2,0,0
    }
    Lines {
      0,1
      1,2
      2,3
      3,0
      0,4
      4,5
      5,1
      1,6
      6,2
      3,7
      7,0
      5,6
      7,4
    }
    Polys {
      0,1,2,3
      1,0,4,5
      2,1,6
      0,3,7
      1,5,6
      4,0,7
    }
  }
}
"Hull" {
  MeshTemplate {
    Vertices {
      1,2,4
      -1,2,4
      1,2,2
      -1,2,2
      2,0,4
      -2,0,4
      2,0,0
      -2,0,0
      1,0,3.5
      1,0,2.5
      2,0,3.5
      2,0,2.5
      1,1.5,3.5
      1,1.5,2.5
      1.25,1.5,3.5
      1.25,1.5,2.5
      -1,0,2.5
      -1,0,3.5
      -2,0,2.5
      -2,0,3.5
      -1,1.5,2.5
      -1,1.5,3.5
      -1.25,1.5,2.5
      -1.25,1.5,3.5
      1,0,4
      -1,0,4
      1,0,0
      -1,0,0
    }
    Lines {
      0,1
      1,3
      3,2
      2,0
      6,26
      26,9
      9,11
      11,6
      27,7
      7,18
      18,16
      16,27
      10,8
      8,24
      24,4
      4,10
      17,19
      19,5
      5,25
      25,17
      0,14
      14,10
      4,0
      2,15
      15,14
      2,6
      11,15
      2,13
      13,9
      26,2
      0,12
      12,13
      0,24
      8,12
      13,15
      12,14
      3,22
      22,18
      7,3
      1,23
      23,22
      1,5
      19,23
      1,21
      21,17
      25,1
      3,20
      20,21
      3,27
      16,20
      22,20
      23,21
      4,5
      25,24
    }
    Polys {
      0,1,3,2
      2,3,1,0
      6,26,9,11
      27,7,18,16
      10,8,24,4
      17,19,5,25
      0,14,10,4
      0,2,15,14
      15,2,6,11
      2,13,9,26
      2,0,12,13
      12,0,24,8
      13,15,11,9
      12,14,15,13
      8,10,14,12
      3,22,18,7
      3,1,23,22
      23,1,5,19
      1,21,17,25
      1,3,20,21
      20,3,27,16
      22,20,16,18
      23,21,20,22
      19,17,21,23
      1,0,4,5
      0,1,25,24
      2,26,6
      3,7,27
    }
  }
}
